{
  "cluster_count": 19,
  "clusters": [
    {
      "cluster_id": "P2_CLUSTER_001",
      "member_count": 6,
      "member_ids": [
        "basket_v6_0433fc2e2d03e6756c",
        "basket_v6_0c12db4f3c7662b169",
        "basket_v6_3cb592de422c4e9179",
        "basket_v6_57321bb23955a08da9",
        "basket_v6_9bb4c7096ca3faaeb7",
        "basket_v6_d6e503a122d872aad1"
      ]
    },
    {
      "cluster_id": "P2_CLUSTER_002",
      "member_count": 5,
      "member_ids": [
        "basket_v6_057b7f015e7d1624b2",
        "basket_v6_45eaa8c8212f10b65a",
        "basket_v6_4a7c0f6e425bdfc913",
        "basket_v6_59f4336bf5481a6df9",
        "basket_v6_f12c2f0dd8af501a63"
      ]
    },
    {
      "cluster_id": "P2_CLUSTER_003",
      "member_count": 3,
      "member_ids": [
        "basket_v6_1ae402ddf314f65e3c",
        "basket_v6_9eb6c155f98b089400",
        "basket_v6_d51f4e80d029bab56e"
      ]
    },
    {
      "cluster_id": "P2_CLUSTER_004",
      "member_count": 10,
      "member_ids": [
        "basket_v6_24e562bd1cb2dde894",
        "basket_v6_2f00aaa1264a9375d1",
        "basket_v6_5c070c82d95cc65942",
        "basket_v6_6c27609d686bfe4286",
        "basket_v6_9d278501abe82b374f",
        "basket_v6_e4cf28188ea19cf9e7",
        "basket_v6_e53c6f01c25ba212a4",
        "basket_v6_ed723c7f4d4256980f",
        "basket_v6_f7bce3ad601b510b33",
        "basket_v6_faf1fd3b7d88b0c4bd"
      ]
    },
    {
      "cluster_id": "P2_CLUSTER_005",
      "member_count": 10,
      "member_ids": [
        "basket_v6_2a19f37c62ed38f67b",
        "basket_v6_303edcd98994d7ea1f",
        "basket_v6_38cd162f9c795676dc",
        "basket_v6_38f35c992a7a1bcc16",
        "basket_v6_68e648e0d8df45e83d",
        "basket_v6_6fa51fed3a3c9493e9",
        "basket_v6_b041e58d167772cab6",
        "basket_v6_b0e5c64171064de1ec",
        "basket_v6_c262d5b843d9d9aa80",
        "basket_v6_dfd4c3ba84880d1d7c"
      ]
    },
    {
      "cluster_id": "P2_CLUSTER_006",
      "member_count": 1,
      "member_ids": [
        "basket_v6_3aec401edfa7060061"
      ]
    },
    {
      "cluster_id": "P2_CLUSTER_007",
      "member_count": 2,
      "member_ids": [
        "basket_v6_3f32d2e1c74125f160",
        "basket_v6_7742ba008a6ffdaba5"
      ]
    },
    {
      "cluster_id": "P2_CLUSTER_008",
      "member_count": 2,
      "member_ids": [
        "basket_v6_406135e008cb569921",
        "basket_v6_9fd3b13d79b67e0156"
      ]
    },
    {
      "cluster_id": "P2_CLUSTER_009",
      "member_count": 1,
      "member_ids": [
        "basket_v6_4abd77301394bbf139"
      ]
    },
    {
      "cluster_id": "P2_CLUSTER_010",
      "member_count": 1,
      "member_ids": [
        "basket_v6_5f0dc0425dd942809d"
      ]
    },
    {
      "cluster_id": "P2_CLUSTER_011",
      "member_count": 1,
      "member_ids": [
        "basket_v6_61ab3d7f711438faf3"
      ]
    },
    {
      "cluster_id": "P2_CLUSTER_012",
      "member_count": 2,
      "member_ids": [
        "basket_v6_73de1b75288a1bf94e",
        "basket_v6_7b42a4ef48bd682a62"
      ]
    },
    {
      "cluster_id": "P2_CLUSTER_013",
      "member_count": 3,
      "member_ids": [
        "basket_v6_7bb3dee40ebfad4def",
        "basket_v6_8740cdc2f0aec3ffa5",
        "basket_v6_fe34e5124e1330c639"
      ]
    },
    {
      "cluster_id": "P2_CLUSTER_014",
      "member_count": 2,
      "member_ids": [
        "basket_v6_8514b08b9596c8dace",
        "basket_v6_8bb05a943a5d24ec9c"
      ]
    },
    {
      "cluster_id": "P2_CLUSTER_015",
      "member_count": 1,
      "member_ids": [
        "basket_v6_a2238af26b485ae8d4"
      ]
    },
    {
      "cluster_id": "P2_CLUSTER_016",
      "member_count": 1,
      "member_ids": [
        "basket_v6_a9fd368634c56358e3"
      ]
    },
    {
      "cluster_id": "P2_CLUSTER_017",
      "member_count": 2,
      "member_ids": [
        "basket_v6_b1af6e5bfb0e178524",
        "basket_v6_b5b9d8a1634add0433"
      ]
    },
    {
      "cluster_id": "P2_CLUSTER_018",
      "member_count": 1,
      "member_ids": [
        "basket_v6_b31ab165b9c59bf783"
      ]
    },
    {
      "cluster_id": "P2_CLUSTER_019",
      "member_count": 1,
      "member_ids": [
        "basket_v6_b6bbe18517ec389da6"
      ]
    }
  ],
  "correlation_matrix": {
    "candidate_ids": [
      "basket_v6_0433fc2e2d03e6756c",
      "basket_v6_057b7f015e7d1624b2",
      "basket_v6_0c12db4f3c7662b169",
      "basket_v6_1ae402ddf314f65e3c",
      "basket_v6_24e562bd1cb2dde894",
      "basket_v6_2a19f37c62ed38f67b",
      "basket_v6_2f00aaa1264a9375d1",
      "basket_v6_303edcd98994d7ea1f",
      "basket_v6_38cd162f9c795676dc",
      "basket_v6_38f35c992a7a1bcc16",
      "basket_v6_3aec401edfa7060061",
      "basket_v6_3cb592de422c4e9179",
      "basket_v6_3f32d2e1c74125f160",
      "basket_v6_406135e008cb569921",
      "basket_v6_45eaa8c8212f10b65a",
      "basket_v6_4a7c0f6e425bdfc913",
      "basket_v6_4abd77301394bbf139",
      "basket_v6_57321bb23955a08da9",
      "basket_v6_59f4336bf5481a6df9",
      "basket_v6_5c070c82d95cc65942",
      "basket_v6_5f0dc0425dd942809d",
      "basket_v6_61ab3d7f711438faf3",
      "basket_v6_68e648e0d8df45e83d",
      "basket_v6_6c27609d686bfe4286",
      "basket_v6_6fa51fed3a3c9493e9",
      "basket_v6_73de1b75288a1bf94e",
      "basket_v6_7742ba008a6ffdaba5",
      "basket_v6_7b42a4ef48bd682a62",
      "basket_v6_7bb3dee40ebfad4def",
      "basket_v6_8514b08b9596c8dace",
      "basket_v6_8740cdc2f0aec3ffa5",
      "basket_v6_8bb05a943a5d24ec9c",
      "basket_v6_9bb4c7096ca3faaeb7",
      "basket_v6_9d278501abe82b374f",
      "basket_v6_9eb6c155f98b089400",
      "basket_v6_9fd3b13d79b67e0156",
      "basket_v6_a2238af26b485ae8d4",
      "basket_v6_a9fd368634c56358e3",
      "basket_v6_b041e58d167772cab6",
      "basket_v6_b0e5c64171064de1ec",
      "basket_v6_b1af6e5bfb0e178524",
      "basket_v6_b31ab165b9c59bf783",
      "basket_v6_b5b9d8a1634add0433",
      "basket_v6_b6bbe18517ec389da6",
      "basket_v6_c262d5b843d9d9aa80",
      "basket_v6_d51f4e80d029bab56e",
      "basket_v6_d6e503a122d872aad1",
      "basket_v6_dfd4c3ba84880d1d7c",
      "basket_v6_e4cf28188ea19cf9e7",
      "basket_v6_e53c6f01c25ba212a4",
      "basket_v6_ed723c7f4d4256980f",
      "basket_v6_f12c2f0dd8af501a63",
      "basket_v6_f7bce3ad601b510b33",
      "basket_v6_faf1fd3b7d88b0c4bd",
      "basket_v6_fe34e5124e1330c639"
    ],
    "sha256": "15ed1b5e520f7280f93a8c23265596d369b03510d1a89cc04a59ed8fb36e7789",
    "values": [
      [
        1.0,
        0.2798060327008289,
        0.7166072630536279,
        0.02279986259069217,
        0.4757386287205382,
        0.3942996160638799,
        0.5148914011676904,
        0.4340315464902791,
        0.34904780968829413,
        0.35625704752080734,
        0.5037339996599193,
        0.7512781302502785,
        0.6187760625896849,
        0.1945109535821351,
        0.2618017382776175,
        0.27176182745857674,
        0.4291858647169726,
        0.9999999999999998,
        -0.018658031148282708,
        0.5007553503892013,
        -0.07125218939303106,
        0.12187367119703396,
        0.25199344710190336,
        0.49967845881040507,
        0.43492863294157824,
        0.2262947468871285,
        0.3818893098306757,
        0.02306638699787945,
        0.4175509600854405,
        0.3551154646196023,
        0.41742974648632786,
        0.24105211384185807,
        0.82327032109842,
        0.37976003199058805,
        0.1109618323760371,
        0.11145087896127372,
        0.3858599662652462,
        0.35837579108644635,
        0.4394857202865442,
        0.3731694595570193,
        0.4336221907626902,
        0.3717687134279793,
        0.32082209691657787,
        0.33166130458592236,
        0.39113632012044663,
        0.24990166944883338,
        0.8303342233188338,
        0.4708305404864215,
        0.40841969888153995,
        0.48471661371645697,
        0.5449204258617912,
        0.31316489525014674,
        0.5313592438682777,
        0.4208809496386212,
        0.4722697627956358
      ],
      [
        0.2798060327008289,
        1.0,
        0.42127083615720284,
        0.5736451127948767,
        0.42250793467869024,
        0.6158217585253051,
        0.46387038484554155,
        0.602485270792172,
        0.6451445191640436,
        0.6918346226433494,
        0.37165012865243374,
        0.433677411252865,
        0.508969815121778,
        0.30532620349539785,
        0.8308248426962734,
        0.7861041935237395,
        0.3301509157787825,
        0.2798060327008289,
        0.6865786102006609,
        0.5599815681673783,
        0.700336955906479,
        0.31507267667065636,
        0.722864937333646,
        0.4629730641406918,
        0.7110707261487631,
        0.780710070799217,
        0.5138405572195165,
        0.7663714799683705,
        0.6137956317376431,
        0.553927291379667,
        0.6633548277470015,
        0.4688102147453585,
        0.37494877855386227,
        0.518932750317438,
        0.5686592710707575,
        0.28628425666350465,
        0.26605138377990156,
        0.38516882168055344,
        0.5996118383038823,
        0.6257518005558671,
        0.5651686536513024,
        0.4769882465272085,
        0.4696040920144075,
        0.2972258367194042,
        0.6843271822387741,
        0.4707463081877887,
        0.22360339601524293,
        0.5623482993812176,
        0.47541269151815946,
        0.44398964234939975,
        0.3180949987233362,
        0.6848111653567052,
        0.5286961986291442,
        0.535531557675118,
        0.7093750303007149
      ],
      [
        0.7166072630536279,
        0.42127083615720284,
        1.0,
        0.1634081387199625,
        0.3014703653616038,
        0.2283526462568237,
        0.35557774052288404,
        0.3721527317798162,
        0.28708163476658777,
        0.3867660473628627,
        0.33907791491172123,
        0.8854439265687836,
        0.48379592250485864,
        0.11374450005919581,
        0.41517838367632776,
        0.5308515748246112,
        0.3577749029297919,
        0.716607263053628,
        0.19425595382184951,
        0.40249891549482936,
        0.13134965111328709,
        0.05386350744863713,
        0.39713669152948544,
        0.34648868374018205,
        0.2698836052431664,
        0.20336661833080763,
        0.38844399536411944,
        0.06370102995558193,
        0.3755830954116481,
        0.4552695230979733,
        0.5218693000820273,
        0.26515835093635565,
        0.8438160132045287,
        0.3043161921800537,
        0.11619707442444181,
        0.04358859031634416,
        0.17886683890398034,
        0.2517513302442693,
        0.3065466731071247,
        0.25474963884219637,
        0.2896888474330066,
        0.5471121561684468,
        0.27196083178974495,
        0.3509260498454243,
        0.3128245364538323,
        0.03339242591111959,
        0.6360475679908622,
        0.24798272600913213,
        0.2899265764767762,
        0.3634785028119941,
        0.35105687854160866,
        0.41666187956421125,
        0.3283550146935436,
        0.32739093207302333,
        0.4854313130076707
      ],
      [
        0.02279986259069217,
        0.5736451127948767,
        0.1634081387199625,
        1.0,
        0.19530945491295226,
        0.5805379546892322,
        0.11715623969643552,
        0.4930489823391853,
        0.4869100132798394,
        0.6512472361747514,
        0.26771417002399783,
        0.16364499285307446,
        0.4720499840549634,
        0.3916941038475043,
        0.6977916156548002,
        0.5862902475892786,
        0.29025405594195264,
        0.02279986259069217,
        0.7650268620126364,
        0.07325525004361702,
        0.6552599021601528,
        0.334482337544677,
        0.5635736337882318,
        0.25022146816745305,
        0.5899270296191914,
        0.4970097682462576,
        0.7054993436241357,
        0.627012496953465,
        0.021045207002441616,
        0.3315359551739258,
        0.21793228394226374,
        0.07283813826309288,
        0.2296882505553112,
        0.14554234746616446,
        0.8165369040052382,
        0.4432012038437719,
        0.5019596776000221,
        0.23478603840478612,
        0.5835522017600521,
        0.6247605441480386,
        0.24208524754590788,
        0.17119023150901647,
        0.27642382559316364,
        0.12136641445023989,
        0.6227561118876437,
        0.7504835460744291,
        0.08488850379684003,
        0.5447450452440182,
        0.3040087953591863,
        0.11946635020133611,
        0.19884668506555747,
        0.48508761914628384,
        0.11581783981929346,
        0.18852039682585656,
        0.18618578233733904
      ],
      [
        0.4757386287205382,
        0.42250793467869024,
        0.3014703653616038,
        0.19530945491295226,
        1.0,
        0.4374864882269247,
        0.8525284282388619,
        0.44993590928666644,
        0.3517957438595265,
        0.5888662317888222,
        0.4153560558432325,
        0.3062435801623811,
        0.42280581185640237,
        0.6795275173719558,
        0.20880944665953838,
        0.2096710350298131,
        0.46701244304907163,
        0.4757386287205382,
        0.011863637403329875,
        0.8164051934827857,
        0.1348952681817404,
        0.6116593337590573,
        0.3056217886223683,
        0.9285348499199206,
        0.35231755906306794,
        0.4587159338125488,
        0.20933355541486035,
        0.28298898791270816,
        0.6105606662740759,
        0.6839482990848528,
        0.6995376351905028,
        0.5445832847899612,
        0.49368012684199614,
        0.8023447048824351,
        0.20404509263169324,
        0.5969227108752025,
        0.5774777363356967,
        0.3806687574928497,
        0.4979677695738461,
        0.5000672438647518,
        0.6221352427663039,
        0.3025840474040787,
        0.7076811908044497,
        0.25819148421383736,
        0.4284256123315816,
        0.33763297743135795,
        0.6201981590049944,
        0.5658684769215674,
        0.8382592800304595,
        0.9186637163400221,
        0.847978331915852,
        0.21674991646875183,
        0.8588748310929533,
        0.7964689161610794,
        0.6669574587408877
      ],
      [
        0.3942996160638799,
        0.6158217585253051,
        0.2283526462568237,
        0.5805379546892322,
        0.4374864882269247,
        1.0,
        0.29615921911659143,
        0.901167890000167,
        0.8769808175892098,
        0.8385729008162348,
        0.48094849084949054,
        0.24768227680996083,
        0.757140788393175,
        0.25266274644397213,
        0.7622241240385205,
        0.6545043342316315,
        0.17076038262996868,
        0.39429961606387987,
        0.5743385169478353,
        0.29948947933538256,
        0.43891673509224927,
        0.2338718981022049,
        0.7794872872741915,
        0.37812528344611845,
        0.8466594173679581,
        0.7487270978970589,
        0.5668694587229477,
        0.5452250696010126,
        0.2761685869024865,
        0.295995987260282,
        0.28177185304172875,
        0.3257061975908443,
        0.27184389163039463,
        0.40388126147685777,
        0.637857453288759,
        0.16432355204795704,
        0.599291000945022,
        0.5703760410519128,
        0.7187794617018993,
        0.8059942862645102,
        0.451052349006959,
        -0.012834859576878825,
        0.4448756329553394,
        0.03160396359514678,
        0.7832958569800992,
        0.7324923138490135,
        0.3145228807198608,
        0.9182333071450653,
        0.4168342888526232,
        0.3872800609440903,
        0.3077276217171833,
        0.680107579991235,
        0.4104062039764462,
        0.3376723401158024,
        0.37358089023879093
      ],
      [
        0.5148914011676904,
        0.46387038484554155,
        0.35557774052288404,
        0.11715623969643552,
        0.8525284282388619,
        0.29615921911659143,
        1.0,
        0.2962355955603266,
        0.25203179580475743,
        0.41380310777372575,
        0.4531785882381069,
        0.378074637181653,
        0.3470336066945895,
        0.6551857905634626,
        0.2269333960792924,
        0.20259600343047415,
        0.4490742022279675,
        0.5148914011676904,
        -0.03901861098173982,
        0.8601915149237785,
        0.1200695584632769,
        0.5336096660622625,
        0.18792917237476,
        0.9058528354433485,
        0.32642599527626925,
        0.448129280655318,
        0.1308545654864926,
        0.28875906444053506,
        0.7885881999791321,
        0.7487099230348768,
        0.7400594959950593,
        0.4984013613273432,
        0.5281665980479776,
        0.7107051626117452,
        0.11901144199563088,
        0.63444829546409,
        0.41631727393727086,
        0.2647906984710003,
        0.5287495209142982,
        0.4573647382904183,
        0.6978769888946795,
        0.34143510021148504,
        0.6615865749069227,
        0.3109748588830392,
        0.39374019734759175,
        0.216343091156827,
        0.6266006731940926,
        0.4010947592754564,
        0.7771382052312851,
        0.8705582016561582,
        0.8869374428693905,
        0.22900980144757,
        0.8491962624565904,
        0.845855124003669,
        0.6961146247612441
      ],
      [
        0.4340315464902791,
        0.602485270792172,
        0.3721527317798162,
        0.4930489823391853,
        0.44993590928666644,
        0.901167890000167,
        0.2962355955603266,
        1.0,
        0.862951039121519,
        0.8185302086531291,
        0.4644669190392826,
        0.2571279041074901,
        0.7531743492088169,
        0.2032887012985319,
        0.6681672860356107,
        0.7550739468688543,
        0.10943618899433008,
        0.4340315464902791,
        0.5224960920295939,
        0.3244525149302199,
        0.3331584354080821,
        0.19072079330984756,
        0.7687069414467386,
        0.3790213034873244,
        0.8206403123458268,
        0.6856375657242293,
        0.521705806168047,
        0.492913597103241,
        0.2445750242371692,
        0.2778167724168567,
        0.2966001246269453,
        0.3054979962639165,
        0.2893776761679277,
        0.4041177682094132,
        0.5787690348666834,
        0.14193655882406206,
        0.520985019363,
        0.5095342923763612,
        0.7237055563190663,
        0.7343482106116246,
        0.3793233175054819,
        -0.00968993712882853,
        0.3710184705426638,
        0.0017872525987588568,
        0.7539864358261937,
        0.6799569645514721,
        0.3618096310332826,
        0.8990002701884575,
        0.38380366021237905,
        0.4214531202581995,
        0.3329293716597206,
        0.8011049467325508,
        0.44148986007106095,
        0.3064958664728893,
        0.38738042298383996
      ],
      [
        0.34904780968829413,
        0.6451445191640436,
        0.28708163476658777,
        0.4869100132798394,
        0.3517957438595265,
        0.8769808175892098,
        0.25203179580475743,
        0.862951039121519,
        1.0,
        0.8150922209891893,
        0.4148503666480631,
        0.36644249892109526,
        0.7890660413460125,
        0.1037759784283662,
        0.7277006367699675,
        0.7385284625771052,
        0.08554391148322714,
        0.34904780968829413,
        0.6150154960236592,
        0.27956954563633907,
        0.38743554428749505,
        0.08515390468932058,
        0.879452441604024,
        0.2628828493548098,
        0.7673503748928202,
        0.7603157399498351,
        0.5280825007049584,
        0.49690142415996014,
        0.2893563634213728,
        0.24582310729103707,
        0.3165532677243992,
        0.39353684796841876,
        0.29129741608105425,
        0.3612565112806128,
        0.5772636086620822,
        0.046547590770500115,
        0.45686097939863907,
        0.5041664769668466,
        0.6978307600259546,
        0.6863139004056941,
        0.2901299951418847,
        -0.012966118049025414,
        0.3515460705110004,
        0.004359807352004358,
        0.7564809457349474,
        0.5563204623128211,
        0.2864260646343206,
        0.832835398041918,
        0.302112917561751,
        0.3774253145594316,
        0.23373781975967156,
        0.7677520216485991,
        0.29243243095667065,
        0.23344207595173297,
        0.30474490614976785
      ],
      [
        0.35625704752080734,
        0.6918346226433494,
        0.3867660473628627,
        0.6512472361747514,
        0.5888662317888222,
        0.8385729008162348,
        0.41380310777372575,
        0.8185302086531291,
        0.8150922209891893,
        1.0,
        0.4393217601171428,
        0.404868089713231,
        0.7197818885301839,
        0.3728424405188383,
        0.7663946819631807,
        0.7313072896896035,
        0.17604819665388755,
        0.35625704752080734,
        0.6547785837692355,
        0.3957048213305046,
        0.46063904908008724,
        0.3484130001717141,
        0.8503399060038761,
        0.5264530524451807,
        0.7419633557090528,
        0.6726867447019684,
        0.6184481342921553,
        0.4812131044314737,
        0.2788351533439189,
        0.4936199022973367,
        0.4962507170466975,
        0.3250337026598189,
        0.4515140648479557,
        0.5212640258276822,
        0.6663309719720056,
        0.26185803782019845,
        0.5455013199950157,
        0.4924312496994513,
        0.7573705855678825,
        0.7983001621024324,
        0.3557950909302575,
        0.14653440377997085,
        0.43234750408470424,
        0.01975681557189084,
        0.7749131892051303,
        0.6531328847497844,
        0.44497543908356857,
        0.8718491353273707,
        0.5449266680041922,
        0.5139871856492699,
        0.4456145217749345,
        0.6437336878235651,
        0.48897445014537677,
        0.43489393963562134,
        0.48959419192351894
      ],
      [
        0.5037339996599193,
        0.37165012865243374,
        0.33907791491172123,
        0.26771417002399783,
        0.4153560558432325,
        0.48094849084949054,
        0.4531785882381069,
        0.4644669190392826,
        0.4148503666480631,
        0.4393217601171428,
        1.0,
        0.3699350041694862,
        0.34228431597004816,
        0.22689208131435543,
        0.41088261397143405,
        0.37650962615073746,
        0.12095577460543222,
        0.5037339996599193,
        0.15990183694398788,
        0.49225931171920617,
        0.1462773094496109,
        0.1889953708010491,
        0.35933916784689895,
        0.4764109169812084,
        0.4957022459283707,
        0.336706469799293,
        0.150601867917483,
        0.11172184343487328,
        0.4320045670010073,
        0.41438150601859813,
        0.44117856782549525,
        0.30358767886143656,
        0.4256106407263518,
        0.5696886518288091,
        0.1542434127655573,
        0.24585042822251416,
        0.5498984154428336,
        0.645677058887862,
        0.45122938057178674,
        0.46670494607523894,
        0.6555624229427036,
        0.005701087481415477,
        0.5295847039506303,
        0.0378091089545579,
        0.4873775507095894,
        0.2930517532456527,
        0.42160190323959185,
        0.5083561777361492,
        0.4757495191342148,
        0.3715134113191004,
        0.4592909523914816,
        0.3884800776853169,
        0.5035761264687286,
        0.4733590067161455,
        0.4834526601287045
      ],
      [
        0.7512781302502785,
        0.433677411252865,
        0.8854439265687836,
        0.16364499285307446,
        0.3062435801623811,
        0.24768227680996083,
        0.378074637181653,
        0.2571279041074901,
        0.36644249892109526,
        0.404868089713231,
        0.3699350041694862,
        1.0,
        0.5052557864218407,
        0.10418495177251903,
        0.43207472848772155,
        0.45986493790990485,
        0.3800892780987032,
        0.7512781302502785,
        0.2617047240391773,
        0.40952362509978274,
        0.14484448491404478,
        0.031791978156708166,
        0.4627774015909442,
        0.34025961075013267,
        0.27262611176197776,
        0.21972016763689192,
        0.40390125778515207,
        0.041426297911123004,
        0.42284532830179056,
        0.45994227287790784,
        0.5980168863802146,
        0.32732830344388447,
        0.891326415979608,
        0.31958787680594275,
        0.12800892241145712,
        0.013492276211449855,
        0.21205585388520098,
        0.3039516644417773,
        0.29429350273828514,
        0.23976437260383662,
        0.29124578136500123,
        0.5686737957006043,
        0.27521039024420985,
        0.35351739650268577,
        0.3143840210361265,
        0.0226965200174093,
        0.6450666510399612,
        0.2626370059500527,
        0.2932082295078732,
        0.37013950841663523,
        0.35312879891672916,
        0.32076466424797545,
        0.313658618819995,
        0.3313755313534407,
        0.5060017961176395
      ],
      [
        0.6187760625896849,
        0.508969815121778,
        0.48379592250485864,
        0.4720499840549634,
        0.42280581185640237,
        0.757140788393175,
        0.3470336066945895,
        0.7531743492088169,
        0.7890660413460125,
        0.7197818885301839,
        0.34228431597004816,
        0.5052557864218407,
        1.0,
        0.28388764055322024,
        0.5837464782387775,
        0.5485944314092013,
        0.3941116488078595,
        0.6187760625896849,
        0.4328718947449011,
        0.2988439239589585,
        0.2959169059063892,
        0.22496423107389835,
        0.6539470373281009,
        0.35130492637083305,
        0.6635405045562439,
        0.6200562271260821,
        0.7459395078370774,
        0.41569690265191445,
        0.2218466100662178,
        0.27746451323559373,
        0.26663341240414495,
        0.24340894575605995,
        0.5682676887723445,
        0.33422394343708967,
        0.5672672305329457,
        0.1927874110725612,
        0.4814652702355369,
        0.3926016750424929,
        0.7241679076515025,
        0.6506433962195295,
        0.24880887289709197,
        0.2201832046939941,
        0.37838346984204274,
        0.24962692199615097,
        0.7050385206595707,
        0.5842873689810135,
        0.5499760699154366,
        0.7912188096703616,
        0.3503759927697486,
        0.45494479749411654,
        0.3947590230999789,
        0.5977710693200663,
        0.2964660782582785,
        0.2464328525385562,
        0.22384544607739568
      ],
      [
        0.1945109535821351,
        0.30532620349539785,
        0.11374450005919581,
        0.3916941038475043,
        0.6795275173719558,
        0.25266274644397213,
        0.6551857905634626,
        0.2032887012985319,
        0.1037759784283662,
        0.3728424405188383,
        0.22689208131435543,
        0.10418495177251903,
        0.28388764055322024,
        1.0,
        0.17262594762646724,
        0.10278997126758989,
        0.6954431559172543,
        0.1945109535821351,
        0.13089894764101007,
        0.5200100970732666,
        0.36716253419165845,
        0.7627730808083041,
        0.08519067103868536,
        0.7239049000570159,
        0.241606320323487,
        0.283174731731962,
        0.33755211755758024,
        0.35156251926247023,
        0.33529365588801446,
        0.6051945464174213,
        0.4808731806009422,
        0.2690202329920575,
        0.3142384709501863,
        0.49701813724821126,
        0.33775100964763227,
        0.7732021321882881,
        0.5665165438799976,
        0.3214890285610295,
        0.46474666218318356,
        0.4371183394084356,
        0.44851433538134583,
        0.3423260238959833,
        0.5409438382730652,
        0.33867585141639234,
        0.35100703226026286,
        0.4280471698338566,
        0.40220205110123225,
        0.3686212009490629,
        0.8024150867534332,
        0.6133839535314276,
        0.7198522727431307,
        0.11500826775310441,
        0.5317005567856474,
        0.5947322708247701,
        0.35287696977169886
      ],
      [
        0.2618017382776175,
        0.8308248426962734,
        0.41517838367632776,
        0.6977916156548002,
        0.20880944665953838,
        0.7622241240385205,
        0.2269333960792924,
        0.6681672860356107,
        0.7277006367699675,
        0.7663946819631807,
        0.41088261397143405,
        0.43207472848772155,
        0.5837464782387775,
        0.17262594762646724,
        1.0,
        0.8745781815638002,
        0.1389596856481925,
        0.26180173827761744,
        0.7791456965601193,
        0.2688278490382641,
        0.6382674999301946,
        0.16202052279151882,
        0.8019515458068645,
        0.26420359167192264,
        0.8052567708253423,
        0.6826265513978591,
        0.6053225764264829,
        0.5848278958561584,
        0.3149073331685185,
        0.3861037207140544,
        0.40852550430421236,
        0.24434497718790274,
        0.3744295771812779,
        0.28237900693285295,
        0.6710590093818223,
        0.09391650773143076,
        0.3596003609596466,
        0.43353205628949304,
        0.6997517768404746,
        0.7939174630247214,
        0.39141139968659394,
        0.1788316397410443,
        0.31543782459771735,
        0.057383640295447416,
        0.8041343079549045,
        0.5750046431259901,
        0.22620536908426406,
        0.649830917768184,
        0.3370337668912914,
        0.1883836845149525,
        0.17845441109487614,
        0.7717776166926704,
        0.27345676135170954,
        0.32168078699568653,
        0.4339275403495865
      ],
      [
        0.27176182745857674,
        0.7861041935237395,
        0.5308515748246112,
        0.5862902475892786,
        0.2096710350298131,
        0.6545043342316315,
        0.20259600343047415,
        0.7550739468688543,
        0.7385284625771052,
        0.7313072896896035,
        0.37650962615073746,
        0.45986493790990485,
        0.5485944314092013,
        0.10278997126758989,
        0.8745781815638002,
        1.0,
        0.03591971319883511,
        0.27176182745857674,
        0.7565415251607345,
        0.2782708970438146,
        0.5036066641328116,
        0.09830514314446555,
        0.820420514046705,
        0.25114274054137525,
        0.7694160419915971,
        0.5885474121056499,
        0.5283270949657096,
        0.5091666173164534,
        0.26957505611042837,
        0.3425195839951456,
        0.44625765279901997,
        0.24682119573533087,
        0.35413307654000964,
        0.27167903389406384,
        0.597723596395436,
        0.04168764713097141,
        0.26973482584554176,
        0.3748981563197896,
        0.6769318915714059,
        0.6959144892864858,
        0.28536569961087993,
        0.14055511335637413,
        0.20620688825636124,
        -0.01666558700734371,
        0.7634924580675881,
        0.5067618572602928,
        0.2496156633723417,
        0.6206560559131915,
        0.29175444498615705,
        0.20044643444220053,
        0.19053096972977832,
        0.9173828598739853,
        0.29145463295531293,
        0.26848129378052904,
        0.43190485939748274
      ],
      [
        0.4291858647169726,
        0.3301509157787825,
        0.3577749029297919,
        0.29025405594195264,
        0.46701244304907163,
        0.17076038262996868,
        0.4490742022279675,
        0.10943618899433008,
        0.08554391148322714,
        0.17604819665388755,
        0.12095577460543222,
        0.3800892780987032,
        0.3941116488078595,
        0.6954431559172543,
        0.1389596856481925,
        0.03591971319883511,
        1.0,
        0.42918586471697256,
        0.0860155019361074,
        0.4229723898922471,
        0.43357528647700183,
        0.5539825869695013,
        0.04991189560354105,
        0.48595534854426775,
        0.14028983056362726,
        0.3170463556022167,
        0.4687885310681953,
        0.41660135894647177,
        0.3553743828656168,
        0.44343388573960724,
        0.3440014431819121,
        0.3162116241562614,
        0.5148754772439151,
        0.3684357646436558,
        0.2890039531406127,
        0.5148808093733783,
        0.4365986699777149,
        0.2853363751962598,
        0.2414352045849208,
        0.21194037090129525,
        0.39702035666556973,
        0.6455643685690569,
        0.4400810151157765,
        0.6885428754830987,
        0.2026612998081875,
        0.3051466845268725,
        0.41127088495696096,
        0.16621552757129593,
        0.5841806755750378,
        0.47932350584473915,
        0.4620266753654375,
        0.03884294919190945,
        0.34488982447887656,
        0.43483911598442754,
        0.3081620700940509
      ],
      [
        0.9999999999999998,
        0.2798060327008289,
        0.716607263053628,
        0.02279986259069217,
        0.4757386287205382,
        0.39429961606387987,
        0.5148914011676904,
        0.4340315464902791,
        0.34904780968829413,
        0.35625704752080734,
        0.5037339996599193,
        0.7512781302502785,
        0.6187760625896849,
        0.1945109535821351,
        0.26180173827761744,
        0.27176182745857674,
        0.42918586471697256,
        1.0,
        -0.018658031148282708,
        0.5007553503892013,
        -0.07125218939303106,
        0.12187367119703396,
        0.25199344710190336,
        0.49967845881040507,
        0.43492863294157824,
        0.2262947468871285,
        0.3818893098306757,
        0.02306638699787945,
        0.4175509600854405,
        0.3551154646196023,
        0.41742974648632786,
        0.24105211384185807,
        0.82327032109842,
        0.37976003199058805,
        0.1109618323760371,
        0.11145087896127372,
        0.3858599662652462,
        0.35837579108644635,
        0.4394857202865442,
        0.3731694595570193,
        0.4336221907626902,
        0.3717687134279793,
        0.32082209691657787,
        0.33166130458592236,
        0.39113632012044663,
        0.24990166944883338,
        0.8303342233188338,
        0.4708305404864215,
        0.40841969888153995,
        0.48471661371645697,
        0.5449204258617912,
        0.31316489525014674,
        0.5313592438682777,
        0.4208809496386212,
        0.4722697627956358
      ],
      [
        -0.018658031148282708,
        0.6865786102006609,
        0.19425595382184951,
        0.7650268620126364,
        0.011863637403329875,
        0.5743385169478353,
        -0.03901861098173982,
        0.5224960920295939,
        0.6150154960236592,
        0.6547785837692355,
        0.15990183694398788,
        0.2617047240391773,
        0.4328718947449011,
        0.13089894764101007,
        0.7791456965601193,
        0.7565415251607345,
        0.0860155019361074,
        -0.018658031148282708,
        1.0,
        0.015312600226405182,
        0.6944444485556049,
        0.1319638665197822,
        0.747594170787419,
        0.041377530749618294,
        0.6007076402666444,
        0.5178096386426042,
        0.6565993268319626,
        0.6307167036011414,
        0.0776514276223211,
        0.20227539009250345,
        0.2747459458263706,
        0.101074292438391,
        0.135918629993989,
        0.10001851859512029,
        0.7407662828283111,
        0.08192030635550161,
        0.17675590546498307,
        0.28004882669961056,
        0.4828834993499524,
        0.5430491998545329,
        0.12042630586430225,
        0.21085484731209325,
        0.08615486378891857,
        0.033162187818610175,
        0.5852512332622443,
        0.597329503631717,
        -0.03893556598544993,
        0.5019097406939619,
        0.1375315866268457,
        -0.035393115152450624,
        -0.016691377643146533,
        0.6471188461922714,
        0.04100521131976065,
        0.06373169705510566,
        0.23869963355673257
      ],
      [
        0.5007553503892013,
        0.5599815681673783,
        0.40249891549482936,
        0.07325525004361702,
        0.8164051934827857,
        0.29948947933538256,
        0.8601915149237785,
        0.3244525149302199,
        0.27956954563633907,
        0.3957048213305046,
        0.49225931171920617,
        0.40952362509978274,
        0.2988439239589585,
        0.5200100970732666,
        0.2688278490382641,
        0.2782708970438146,
        0.4229723898922471,
        0.5007553503892013,
        0.015312600226405182,
        1.0,
        0.19893207764289475,
        0.490122105433129,
        0.2532045734402808,
        0.8674785606736148,
        0.3484665884378128,
        0.45221981280363555,
        0.12599853834818542,
        0.33943778414425524,
        0.8462587359241204,
        0.6973647208572309,
        0.836696965243956,
        0.5935711955836064,
        0.4968224115992015,
        0.743914662619597,
        0.07631308055600758,
        0.4696895958357988,
        0.39321132759294647,
        0.34311083184447977,
        0.39105029484492176,
        0.3961135927575942,
        0.7450575798056542,
        0.3733905270102591,
        0.6930495784310035,
        0.3175541863376562,
        0.4521204806655059,
        0.14939484441954642,
        0.533656750192343,
        0.3958023237106262,
        0.8231963665942307,
        0.7763643674617069,
        0.7685944631016888,
        0.29855455447747475,
        0.8887000154701955,
        0.8343906979475012,
        0.8013580306422297
      ],
      [
        -0.07125218939303106,
        0.700336955906479,
        0.13134965111328709,
        0.6552599021601528,
        0.1348952681817404,
        0.43891673509224927,
        0.1200695584632769,
        0.3331584354080821,
        0.38743554428749505,
        0.46063904908008724,
        0.1462773094496109,
        0.14484448491404478,
        0.2959169059063892,
        0.36716253419165845,
        0.6382674999301946,
        0.5036066641328116,
        0.43357528647700183,
        -0.07125218939303106,
        0.6944444485556049,
        0.19893207764289475,
        1.0,
        0.37210571230633976,
        0.5069251497996787,
        0.16334200855809622,
        0.42132952855664085,
        0.6067796413973424,
        0.500079573071805,
        0.7125436087056688,
        0.2557736938037862,
        0.34883293924018444,
        0.3289162125205084,
        0.2712036938189678,
        0.10318833066564656,
        0.28470760374340576,
        0.5719549702210668,
        0.2567108388582416,
        0.2568745442347067,
        0.37397978129310927,
        0.3061092470180576,
        0.4027578947062895,
        0.3352521308691116,
        0.3918919532688616,
        0.3026197475121392,
        0.3041240772747464,
        0.41432311627862567,
        0.44746540836000365,
        -0.12282918113588123,
        0.31226649609968465,
        0.34611599767664647,
        0.10763296708362617,
        0.040415266367960806,
        0.3824619382921493,
        0.14891939280049002,
        0.2785376379275231,
        0.35641223922900556
      ],
      [
        0.12187367119703396,
        0.31507267667065636,
        0.05386350744863713,
        0.334482337544677,
        0.6116593337590573,
        0.2338718981022049,
        0.5336096660622625,
        0.19072079330984756,
        0.08515390468932058,
        0.3484130001717141,
        0.1889953708010491,
        0.031791978156708166,
        0.22496423107389835,
        0.7627730808083041,
        0.16202052279151882,
        0.09830514314446555,
        0.5539825869695013,
        0.12187367119703396,
        0.1319638665197822,
        0.490122105433129,
        0.37210571230633976,
        1.0,
        0.08184349233062897,
        0.6371053586624054,
        0.2235034064011788,
        0.28640536674661204,
